9.64785335262904 1.3795046040968037e-19
9.347541596560106 1.5601113130224151e-19
8.995232526760816 1.8110775760995324e-19
8.673026886383347 2.0862678857961731e-19
8.345155637152633 2.42167005471496e-19
8.074283407347599 2.7506727414521494e-19
7.903888713246917 2.986364106247583e-19
7.713966135688665 3.2794255974605935e-19
7.498219172946425 3.657144645434569e-19
7.283851700779372 4.0869061722943668e-19
7.093707881109456 4.522843980406872e-19
6.872616061303735 5.104299644349281e-19
6.6637790290873955 5.741221381479286e-19
6.515294654200737 6.254893112128943e-19
6.297427500865896 7.116384360867034e-19
6.063913649869626 8.209813624716305e-19
5.8990089664936285 9.108995341126362e-19
5.759373380176237 9.969204893321751e-19
5.572117125901986 1.1285858849479706e-18
5.379091471450472 1.2877179119232959e-18
5.264681881597304 1.3952724254999497e-18
5.149065444621802 1.5155478789179392e-18
4.9997500124993755 1.6906004475699494e-18
4.88162069807176 1.8471704132159645e-18
4.827419744146754 1.9250315328651442e-18
4.796393112379491 1.9714371162482288e-18
4.749804070582089 2.043771074106582e-18
4.699910701696668 2.1249279714567475e-18
4.662330699116488 2.1887233069887223e-18
4.60500564113191 2.2907202948951863e-18
4.504098729844158 2.484894193324711e-18
4.39521800281294 2.718184916177185e-18
4.30070531567177 2.9430386072065758e-18
4.201857220891634 3.2036011669792035e-18
4.073651621313345 3.585762870678093e-18
3.9493690882881456 4.0117198376271185e-18
3.849336951710068 4.401012137896741e-18
3.7493204356710343 4.837969332682512e-18
3.662131726878216 5.2631837702364474e-18
3.587122231190028 5.6663541451685075e-18
3.5131479562261765 6.101308167901003e-18
3.4380801760297053 6.584637081949418e-18
3.3633795237454596 7.112039122837631e-18
3.3078354351870995 7.536808195077899e-18
3.269068887454131 7.85133700296078e-18
3.2309394764262582 8.175679959785593e-18
3.193434299081089 8.510103240224377e-18
3.1559181354835655 8.860615906516576e-18
3.118422078428315 9.227940193033843e-18
3.0847773947512516 9.572645215415738e-18
3.0547642867507236 9.892545103950787e-18
3.014477025916966 1.0341998206178055e-17
2.964741808047792 1.0929878534646251e-17
2.908583229109101 1.1641232677466112e-17
2.8468129928544994 1.2487320876232579e-17
2.7874564459930316 1.3371529453750674e-17
2.7303754266211606 1.429580975654634e-17
2.6755852842809364 1.5262272822255616e-17
2.622950819672131 1.6273595029312133e-17
2.573571989242469 1.7308849035780784e-17
2.5271989790116125 1.8368959813808623e-17
2.4816051021800902 1.9506506776333936e-17
2.436795613767895 2.0730122489203766e-17
2.3941773606588774 2.2004603538053105e-17
2.3536057239691206 2.3329916417819996e-17
2.3143326621768616 2.4728316851027914e-17
2.2764782880883274 2.6189144129846864e-17
2.240017920143361 2.7724853292314528e-17
2.208931815797176 2.912869916520259e-17
2.1828222800670125 3.0383866051449726e-17
2.1625245311376498 3.1408865639108546e-17
2.147731726830002 3.218485786617381e-17
2.136535287550943 3.278883060891692e-17
2.1288258992958906 3.3213104013088844e-17
2.113561668445581 3.407402108907284e-17
2.091065920853155 3.5396249372514586e-17
2.0698469865615188 3.670166260354183e-17
2.049841905943004 3.798763454914784e-17
2.0298386278290876 3.932895962912477e-17
2.0098482564566376 4.072784711908053e-17
1.9820328720151825 4.2780409389899705e-17
1.9470499759052564 4.5534632686807915e-17
1.9162686417008798 4.813405910480989e-17
1.889350205230666 5.055306178024013e-17
1.8630647414997672 5.3055494995949375e-17
1.8373909049150208 5.564480945761812e-17
1.8123165029540758 5.832143407285701e-17
1.7883648979737827 6.101887540548698e-17
1.765567894913399 6.372968825195048e-17
1.740462266778056 6.688501035010324e-17
1.713267543859649 7.051846801311205e-17
1.691532189857573 7.359060086374268e-17
1.6748735470471978 7.603007383470754e-17
1.6597510373443984 7.8346959300236e-17
1.646090534979424 8.05191610758261e-17
1.627431993685564 8.352758834217464e-17
1.6040293216559998 8.732819461739646e-17
1.583694283655483 9.070766434882276e-17
1.567152483936687 9.351852239409496e-17
1.552288849909191 9.609660225966531e-17
1.5375862970309209 9.869859240972408e-17
1.5225566771723078 1.0141595705872572e-16
1.5060240963855422 1.044760121181145e-16
1.4880952380952381 1.0788099990080853e-16
1.4705882352941178 1.1132372870964158e-16
1.4524328249818446 1.1500701744415305e-16
1.4336917562724014 1.1884963922815775e-16
1.415929203539823 1.2265985525886134e-16
1.400070003500175 1.2616230277415553e-16
1.3864818024263432 1.29244440519484e-16
1.3740982480247337 1.321209142495085e-16
1.3582896416831927 1.3589045130363393e-16
1.3392976723006456 1.4057254699541606e-16
1.318456746378364 1.4591278417215347e-16
1.2959621060680186 1.519283316893423e-16
1.2760676698685331 1.5747883467737205e-16
1.2585700756085973 1.6255070134634866e-16
1.2410604861854455 1.6780915003956869e-16
1.2235596408852454 1.7325876056665965e-16
1.2060507566460934 1.7891015614699452e-16
1.1885554000528906 1.8476363369618727e-16
1.169211162458968 1.914834008827186e-16
1.1482209751266632 1.9908162071242199e-16
1.1256127554437447 2.0763781143062613e-16
1.1016188288690232 2.1715752145358357e-16
1.080246080057037 2.26035671361346e-16
1.0612500464296895 2.3424907058409207e-16
1.039573982581938 2.4400792951916583e-16
1.0155815600856135 2.5529056536581995e-16
0.996010976040956 2.648302663726877e-16
0.980416186671242 2.7268799252356097e-16
0.9627975044288686 2.818144218552669e-16
0.9439127069528609 2.918841740232041e-16
0.9314846468043091 2.9867056653642827e-16
0.9189107232286846 3.056607837569652e-16
0.903958887949776 3.1413099011014516e-16
0.8914523095300709 3.2134164701435806e-16
0.8774354317201682 3.295498796699114e-16
0.8654749077187379 3.3665370160018604e-16
0.8521589446863629 3.446592056918398e-16
0.83414662629397 3.5562754270946167e-16
0.8223413703496596 3.628867995061988e-16
0.8097297122220604 3.7068531603869845e-16
0.792427562215469 3.8142762983867706e-16
0.7774266400786756 3.9074454467108576e-16
0.7649675462518503 3.9845394487183286e-16
0.7524256321315842 4.061585864368505e-16
0.7389508376007744 4.1433651624814995e-16
0.7287753294975459 4.2041697344063423e-16
0.7142551033527135 4.289044715419238e-16
0.696873824025422 4.3867620616844115e-16
0.677123713888146 4.490922730932748e-16
0.6574146511429153 4.559039283455111e-16
0.6424134187314905 4.648995207327365e-16
0.6279730599557279 4.702370855605016e-16
0.6165152094302166 4.7378334839187e-16
0.6044067294645258 4.767791380408506e-16
0.590939712330548 4.790685359137993e-16
0.5784275447196795 4.800682527934672e-16
0.565425369505479 4.797829107884515e-16
0.5519114071809194 4.778382434198705e-16
0.5369329317075004 4.734276425519834e-16
0.523491689569428 4.671720057575877e-16
0.5063957786847888 4.55637992656889e-16
0.4849378309700696 4.342691162695941e-16
0.46478552471961815 4.0713606173515583e-16
0.4447755551354898 3.722057900528032e-16
0.42581005039461944 3.3220905355577037e-16
0.4083232613595531 2.9007254229998524e-16
0.3870968990635158 2.3412122731553856e-16
0.3620692620394818 1.6584608672375284e-16
0.33703737407441114 1.0312437194352898e-16
0.312000312000312 5.403938263570875e-17
0.2869566028355617 2.2935663620083774e-17
0.26786796520127265 1.0107227998475856e-17
